
 ====================

The values of training data are : 
0.1	0.85	0.2	0
0.15	0.8	0.25	0
0.2	0.75	0.35	1
0.25	0.7	0.35	0
0.3	0.65	0.2	1
0.35	0.6	0.25	0
0.4	0.55	0.3	1
0.45	0.5	0.35	0
0.5	0.45	0.2	1
0.55	0.4	0.25	0
0.6	0.35	0.3	1
0.65	0.3	0.35	0
0.7	0.25	0.2	1
0.75	0.2	0.25	0
0.8	0.15	0.3	1
0.85	0.1	0.35	0
0.1	0.4	0.25	1
0.15	0.35	0.3	0
0.2	0.3	0.35	1
0.25	0.25	0.4	0
0.3	0.2	0.45	1
0.35	0.15	0.35	0
0.4	0.1	0.3	1
0.45	0.5	0.25	0
0.5	0.45	0.2	1
0.55	0.4	0.15	0
0.6	0.35	0.1	1
0.65	0.3	0.3	0
0.7	0.2	0.25	1
0.75	0.15	0.2	0
0.2	0.5	0.4	1
0.25	0.45	0.35	0
0.3	0.4	0.3	1
0.35	0.35	0.25	0
0.4	0.3	0.2	1
0.4	0.35	0.15	0
0.45	0.4	0.1	1
0.5	0.45	0.25	0
0.55	0.5	0.2	1
0.6	0.35	0.15	0
0.4	0.5	0.4	1

 ====================


Binary logistic regression model : 

1,0.1,0.85,0.2
1,0.15,0.8,0.25
1,0.2,0.75,0.35
1,0.25,0.7,0.35
1,0.3,0.65,0.2
1,0.35,0.6,0.25
1,0.4,0.55,0.3
1,0.45,0.5,0.35
1,0.5,0.45,0.2
1,0.55,0.4,0.25
1,0.6,0.35,0.3
1,0.65,0.3,0.35
1,0.7,0.25,0.2
1,0.75,0.2,0.25
1,0.8,0.15,0.3
1,0.85,0.1,0.35
1,0.1,0.4,0.25
1,0.15,0.35,0.3
1,0.2,0.3,0.35
1,0.25,0.25,0.4
1,0.3,0.2,0.45
1,0.35,0.15,0.35
1,0.4,0.1,0.3
1,0.45,0.5,0.25
1,0.5,0.45,0.2
1,0.55,0.4,0.15
1,0.6,0.35,0.1
1,0.65,0.3,0.3
1,0.7,0.2,0.25
1,0.75,0.15,0.2
1,0.2,0.5,0.4
1,0.25,0.45,0.35
1,0.3,0.4,0.3
1,0.35,0.35,0.25
1,0.4,0.3,0.2
1,0.4,0.35,0.15
1,0.45,0.4,0.1
1,0.5,0.45,0.25
1,0.55,0.5,0.2
1,0.6,0.35,0.15
1,0.4,0.5,0.4

 ----------------------------------

 S: 
0.247133,0,0,0,0,0,0,0,0,0,0,0,0,0,0,0,0,0,0,0,0,0,0,0,0,0,0,0,0,0,0,0,0,0,0,0,0,0,0,0,0
0,0.246999,0,0,0,0,0,0,0,0,0,0,0,0,0,0,0,0,0,0,0,0,0,0,0,0,0,0,0,0,0,0,0,0,0,0,0,0,0,0,0
0,0,0.246723,0,0,0,0,0,0,0,0,0,0,0,0,0,0,0,0,0,0,0,0,0,0,0,0,0,0,0,0,0,0,0,0,0,0,0,0,0,0
0,0,0,0.246723,0,0,0,0,0,0,0,0,0,0,0,0,0,0,0,0,0,0,0,0,0,0,0,0,0,0,0,0,0,0,0,0,0,0,0,0,0
0,0,0,0,0.247133,0,0,0,0,0,0,0,0,0,0,0,0,0,0,0,0,0,0,0,0,0,0,0,0,0,0,0,0,0,0,0,0,0,0,0,0
0,0,0,0,0,0.246999,0,0,0,0,0,0,0,0,0,0,0,0,0,0,0,0,0,0,0,0,0,0,0,0,0,0,0,0,0,0,0,0,0,0,0
0,0,0,0,0,0,0.246862,0,0,0,0,0,0,0,0,0,0,0,0,0,0,0,0,0,0,0,0,0,0,0,0,0,0,0,0,0,0,0,0,0,0
0,0,0,0,0,0,0,0.246723,0,0,0,0,0,0,0,0,0,0,0,0,0,0,0,0,0,0,0,0,0,0,0,0,0,0,0,0,0,0,0,0,0
0,0,0,0,0,0,0,0,0.247133,0,0,0,0,0,0,0,0,0,0,0,0,0,0,0,0,0,0,0,0,0,0,0,0,0,0,0,0,0,0,0,0
0,0,0,0,0,0,0,0,0,0.246999,0,0,0,0,0,0,0,0,0,0,0,0,0,0,0,0,0,0,0,0,0,0,0,0,0,0,0,0,0,0,0
0,0,0,0,0,0,0,0,0,0,0.246862,0,0,0,0,0,0,0,0,0,0,0,0,0,0,0,0,0,0,0,0,0,0,0,0,0,0,0,0,0,0
0,0,0,0,0,0,0,0,0,0,0,0.246723,0,0,0,0,0,0,0,0,0,0,0,0,0,0,0,0,0,0,0,0,0,0,0,0,0,0,0,0,0
0,0,0,0,0,0,0,0,0,0,0,0,0.247133,0,0,0,0,0,0,0,0,0,0,0,0,0,0,0,0,0,0,0,0,0,0,0,0,0,0,0,0
0,0,0,0,0,0,0,0,0,0,0,0,0,0.246999,0,0,0,0,0,0,0,0,0,0,0,0,0,0,0,0,0,0,0,0,0,0,0,0,0,0,0
0,0,0,0,0,0,0,0,0,0,0,0,0,0,0.246862,0,0,0,0,0,0,0,0,0,0,0,0,0,0,0,0,0,0,0,0,0,0,0,0,0,0
0,0,0,0,0,0,0,0,0,0,0,0,0,0,0,0.246723,0,0,0,0,0,0,0,0,0,0,0,0,0,0,0,0,0,0,0,0,0,0,0,0,0
0,0,0,0,0,0,0,0,0,0,0,0,0,0,0,0,0.248096,0,0,0,0,0,0,0,0,0,0,0,0,0,0,0,0,0,0,0,0,0,0,0,0
0,0,0,0,0,0,0,0,0,0,0,0,0,0,0,0,0,0.247986,0,0,0,0,0,0,0,0,0,0,0,0,0,0,0,0,0,0,0,0,0,0,0
0,0,0,0,0,0,0,0,0,0,0,0,0,0,0,0,0,0,0.247873,0,0,0,0,0,0,0,0,0,0,0,0,0,0,0,0,0,0,0,0,0,0
0,0,0,0,0,0,0,0,0,0,0,0,0,0,0,0,0,0,0,0.247757,0,0,0,0,0,0,0,0,0,0,0,0,0,0,0,0,0,0,0,0,0
0,0,0,0,0,0,0,0,0,0,0,0,0,0,0,0,0,0,0,0,0.247638,0,0,0,0,0,0,0,0,0,0,0,0,0,0,0,0,0,0,0,0
0,0,0,0,0,0,0,0,0,0,0,0,0,0,0,0,0,0,0,0,0,0.247873,0,0,0,0,0,0,0,0,0,0,0,0,0,0,0,0,0,0,0
0,0,0,0,0,0,0,0,0,0,0,0,0,0,0,0,0,0,0,0,0,0,0.247986,0,0,0,0,0,0,0,0,0,0,0,0,0,0,0,0,0,0
0,0,0,0,0,0,0,0,0,0,0,0,0,0,0,0,0,0,0,0,0,0,0,0.246999,0,0,0,0,0,0,0,0,0,0,0,0,0,0,0,0,0
0,0,0,0,0,0,0,0,0,0,0,0,0,0,0,0,0,0,0,0,0,0,0,0,0.247133,0,0,0,0,0,0,0,0,0,0,0,0,0,0,0,0
0,0,0,0,0,0,0,0,0,0,0,0,0,0,0,0,0,0,0,0,0,0,0,0,0,0.247264,0,0,0,0,0,0,0,0,0,0,0,0,0,0,0
0,0,0,0,0,0,0,0,0,0,0,0,0,0,0,0,0,0,0,0,0,0,0,0,0,0,0.247392,0,0,0,0,0,0,0,0,0,0,0,0,0,0
0,0,0,0,0,0,0,0,0,0,0,0,0,0,0,0,0,0,0,0,0,0,0,0,0,0,0,0.246862,0,0,0,0,0,0,0,0,0,0,0,0,0
0,0,0,0,0,0,0,0,0,0,0,0,0,0,0,0,0,0,0,0,0,0,0,0,0,0,0,0,0.247133,0,0,0,0,0,0,0,0,0,0,0,0
0,0,0,0,0,0,0,0,0,0,0,0,0,0,0,0,0,0,0,0,0,0,0,0,0,0,0,0,0,0.247264,0,0,0,0,0,0,0,0,0,0,0
0,0,0,0,0,0,0,0,0,0,0,0,0,0,0,0,0,0,0,0,0,0,0,0,0,0,0,0,0,0,0.247264,0,0,0,0,0,0,0,0,0,0
0,0,0,0,0,0,0,0,0,0,0,0,0,0,0,0,0,0,0,0,0,0,0,0,0,0,0,0,0,0,0,0.247392,0,0,0,0,0,0,0,0,0
0,0,0,0,0,0,0,0,0,0,0,0,0,0,0,0,0,0,0,0,0,0,0,0,0,0,0,0,0,0,0,0,0.247517,0,0,0,0,0,0,0,0
0,0,0,0,0,0,0,0,0,0,0,0,0,0,0,0,0,0,0,0,0,0,0,0,0,0,0,0,0,0,0,0,0,0.247638,0,0,0,0,0,0,0
0,0,0,0,0,0,0,0,0,0,0,0,0,0,0,0,0,0,0,0,0,0,0,0,0,0,0,0,0,0,0,0,0,0,0.247757,0,0,0,0,0,0
0,0,0,0,0,0,0,0,0,0,0,0,0,0,0,0,0,0,0,0,0,0,0,0,0,0,0,0,0,0,0,0,0,0,0,0.247757,0,0,0,0,0
0,0,0,0,0,0,0,0,0,0,0,0,0,0,0,0,0,0,0,0,0,0,0,0,0,0,0,0,0,0,0,0,0,0,0,0,0.247638,0,0,0,0
0,0,0,0,0,0,0,0,0,0,0,0,0,0,0,0,0,0,0,0,0,0,0,0,0,0,0,0,0,0,0,0,0,0,0,0,0,0.246999,0,0,0
0,0,0,0,0,0,0,0,0,0,0,0,0,0,0,0,0,0,0,0,0,0,0,0,0,0,0,0,0,0,0,0,0,0,0,0,0,0,0.246862,0,0
0,0,0,0,0,0,0,0,0,0,0,0,0,0,0,0,0,0,0,0,0,0,0,0,0,0,0,0,0,0,0,0,0,0,0,0,0,0,0,0.247264,0
0,0,0,0,0,0,0,0,0,0,0,0,0,0,0,0,0,0,0,0,0,0,0,0,0,0,0,0,0,0,0,0,0,0,0,0,0,0,0,0,0.246723

 ----------------------------------

 weights: 
0.1
0.1
0.1
0.1

 ----------------------------------

 M:
0.553544
0.554779
0.557248
0.557248
0.553544
0.554779
0.556014
0.557248
0.553544
0.554779
0.556014
0.557248
0.553544
0.554779
0.556014
0.557248
0.543639
0.544879
0.546119
0.547358
0.548596
0.546119
0.544879
0.554779
0.553544
0.552308
0.551071
0.556014
0.553544
0.552308
0.552308
0.551071
0.549834
0.548596
0.547358
0.547358
0.548596
0.554779
0.556014
0.552308
0.557248

 ----------------------------------

 y : 
0
0
1
0
1
0
1
0
1
0
1
0
1
0
1
0
1
0
1
0
1
0
1
0
1
0
1
0
1
0
1
0
1
0
1
0
1
0
1
0
1

 ----------------------------------

 transpose of expr: 
1,1,1,1,1,1,1,1,1,1,1,1,1,1,1,1,1,1,1,1,1,1,1,1,1,1,1,1,1,1,1,1,1,1,1,1,1,1,1,1,1,
0.1,0.15,0.2,0.25,0.3,0.35,0.4,0.45,0.5,0.55,0.6,0.65,0.7,0.75,0.8,0.85,0.1,0.15,0.2,0.25,0.3,0.35,0.4,0.45,0.5,0.55,0.6,0.65,0.7,0.75,0.2,0.25,0.3,0.35,0.4,0.4,0.45,0.5,0.55,0.6,0.4,
0.85,0.8,0.75,0.7,0.65,0.6,0.55,0.5,0.45,0.4,0.35,0.3,0.25,0.2,0.15,0.1,0.4,0.35,0.3,0.25,0.2,0.15,0.1,0.5,0.45,0.4,0.35,0.3,0.2,0.15,0.5,0.45,0.4,0.35,0.3,0.35,0.4,0.45,0.5,0.35,0.5,
0.2,0.25,0.35,0.35,0.2,0.25,0.3,0.35,0.2,0.25,0.3,0.35,0.2,0.25,0.3,0.35,0.25,0.3,0.35,0.4,0.45,0.35,0.3,0.25,0.2,0.15,0.1,0.3,0.25,0.2,0.4,0.35,0.3,0.25,0.2,0.15,0.1,0.25,0.2,0.15,0.4,

 ----------------------------------

 X^T * S : 
0.247133,0.246999,0.246723,0.246723,0.247133,0.246999,0.246862,0.246723,0.247133,0.246999,0.246862,0.246723,0.247133,0.246999,0.246862,0.246723,0.248096,0.247986,0.247873,0.247757,0.247638,0.247873,0.247986,0.246999,0.247133,0.247264,0.247392,0.246862,0.247133,0.247264,0.247264,0.247392,0.247517,0.247638,0.247757,0.247757,0.247638,0.246999,0.246862,0.247264,0.246723,
0.0247133,0.0370499,0.0493445,0.0616807,0.0741399,0.0864497,0.098745,0.111025,0.123567,0.13585,0.148117,0.16037,0.172993,0.185249,0.19749,0.209714,0.0248096,0.0371979,0.0495746,0.0619393,0.0742915,0.0867556,0.0991944,0.11115,0.123567,0.135995,0.148435,0.160461,0.172993,0.185448,0.0494528,0.0618479,0.074255,0.0866734,0.0991029,0.0991029,0.111437,0.1235,0.135774,0.148358,0.0986891,
0.210063,0.197599,0.185042,0.172706,0.160636,0.1482,0.135774,0.123361,0.11121,0.0987997,0.0864018,0.0740168,0.0617833,0.0493998,0.0370294,0.0246723,0.0992383,0.0867951,0.0743619,0.0619393,0.0495277,0.037181,0.0247986,0.1235,0.11121,0.0989056,0.0865871,0.0740587,0.0494266,0.0370896,0.123632,0.111326,0.0990066,0.0866734,0.0743272,0.086715,0.0990554,0.11115,0.123431,0.0865424,0.123361,
0.0494266,0.0617498,0.0863529,0.0863529,0.0494266,0.0617498,0.0740587,0.0863529,0.0494266,0.0617498,0.0740587,0.0863529,0.0494266,0.0617498,0.0740587,0.0863529,0.0620239,0.0743958,0.0867556,0.0991029,0.111437,0.0867556,0.0743958,0.0617498,0.0494266,0.0370896,0.0247392,0.0740587,0.0617833,0.0494528,0.0989056,0.0865871,0.074255,0.0619096,0.0495515,0.0371636,0.0247638,0.0617498,0.0493725,0.0370896,0.0986891,

 ----------------------------------

 X^T * S * X : 
10.1368,4.4365,4.01653,2.73185,
4.4365,2.33941,1.547,1.15101,
4.01653,1.547,1.92434,1.06829,
2.73185,1.15101,1.06829,0.80657,

 ----------------------------------

 (X^T * S * X) ^ -1 : 
5.45099,-4.07677,-4.08134,-7.23911,
-4.07677,4.48604,2.98892,3.44748,
-4.08134,2.98892,5.0217,2.907,
-7.23911,3.44748,2.907,16.9887,

 ----------------------------------

 (X^T * S * X) ^ -1 * X^T : 
0.126357,-0.235371,-0.959054,-0.958826,0.127269,-0.234458,-0.596186,-0.957913,0.128182,-0.233546,-0.595273,-0.957,0.129095,-0.232633,-0.59436,-0.956088,1.601,1.23928,0.877548,0.51582,0.154093,0.878233,1.24042,-0.234002,0.128182,0.490366,0.85255,-0.595045,-0.0287939,0.33339,-0.300675,0.0615087,0.423692,0.785877,1.14806,1.30595,1.26,-0.233773,-0.279724,0.490594,-1.11603,
-0.398088,-0.150858,0.268746,0.343601,-0.0986654,0.148564,0.395794,0.643024,0.200757,0.447987,0.695217,0.942446,0.500179,0.747409,0.994639,1.24187,-1.57073,-1.3235,-1.07627,-0.829041,-0.581811,-0.851704,-0.949222,0.298275,0.200757,0.103238,0.00572011,0.770072,0.523107,0.425589,-0.306111,-0.40363,-0.501148,-0.598667,-0.696185,-0.719113,-0.517739,0.373131,0.574505,0.178094,0.591096,
1.0674,1.11111,1.30017,1.19853,0.660845,0.704557,0.748268,0.791979,0.25429,0.298001,0.341713,0.385424,-0.152265,-0.108554,-0.0648423,-0.021131,-1.04701,-1.0033,-0.959592,-0.915881,-0.872169,-1.26451,-1.5115,0.501279,0.25429,0.00730133,-0.239688,0.240074,-0.258,-0.504989,0.190098,-0.056891,-0.303879,-0.550869,-0.797857,-0.692122,-0.436941,0.39964,0.654821,-0.0943375,0.787883,
-1.02567,-0.149214,1.57668,1.6037,-0.917577,-0.0411177,0.835341,1.7118,-0.80948,0.0669785,0.943438,1.8199,-0.701385,0.175075,1.05153,1.92799,-1.48439,-0.607929,0.26853,1.14499,2.02145,0.349602,-0.472809,0.0129304,-0.80948,-1.63189,-2.4543,0.970462,0.00270033,-0.81971,1.69937,0.876954,0.0545435,-0.767868,-1.59028,-2.29436,-2.82608,0.0399547,-0.491757,-1.60487,2.38886,

 ----------------------------------

 S * X : 
0.247133,0.0247133,0.210063,0.0494266,
0.246999,0.0370499,0.197599,0.0617498,
0.246723,0.0493445,0.185042,0.0863529,
0.246723,0.0616807,0.172706,0.0863529,
0.247133,0.0741399,0.160636,0.0494266,
0.246999,0.0864497,0.1482,0.0617498,
0.246862,0.098745,0.135774,0.0740587,
0.246723,0.111025,0.123361,0.0863529,
0.247133,0.123567,0.11121,0.0494266,
0.246999,0.13585,0.0987997,0.0617498,
0.246862,0.148117,0.0864018,0.0740587,
0.246723,0.16037,0.0740168,0.0863529,
0.247133,0.172993,0.0617833,0.0494266,
0.246999,0.185249,0.0493998,0.0617498,
0.246862,0.19749,0.0370294,0.0740587,
0.246723,0.209714,0.0246723,0.0863529,
0.248096,0.0248096,0.0992383,0.0620239,
0.247986,0.0371979,0.0867951,0.0743958,
0.247873,0.0495746,0.0743619,0.0867556,
0.247757,0.0619393,0.0619393,0.0991029,
0.247638,0.0742915,0.0495277,0.111437,
0.247873,0.0867556,0.037181,0.0867556,
0.247986,0.0991944,0.0247986,0.0743958,
0.246999,0.11115,0.1235,0.0617498,
0.247133,0.123567,0.11121,0.0494266,
0.247264,0.135995,0.0989056,0.0370896,
0.247392,0.148435,0.0865871,0.0247392,
0.246862,0.160461,0.0740587,0.0740587,
0.247133,0.172993,0.0494266,0.0617833,
0.247264,0.185448,0.0370896,0.0494528,
0.247264,0.0494528,0.123632,0.0989056,
0.247392,0.0618479,0.111326,0.0865871,
0.247517,0.074255,0.0990066,0.074255,
0.247638,0.0866734,0.0866734,0.0619096,
0.247757,0.0991029,0.0743272,0.0495515,
0.247757,0.0991029,0.086715,0.0371636,
0.247638,0.111437,0.0990554,0.0247638,
0.246999,0.1235,0.11115,0.0617498,
0.246862,0.135774,0.123431,0.0493725,
0.247264,0.148358,0.0865424,0.0370896,
0.246723,0.0986891,0.123361,0.0986891,

 ----------------------------------

 S * X * W : 
0.0531336
0.0543398
0.0567462
0.0567462
0.0531336
0.0543398
0.0555441
0.0567462
0.0531336
0.0543398
0.0555441
0.0567462
0.0531336
0.0543398
0.0555441
0.0567462
0.0434167
0.0446375
0.0458565
0.0470739
0.0482895
0.0458565
0.0446375
0.0543398
0.0531336
0.0519254
0.0507153
0.055544
0.0531336
0.0519254
0.0519254
0.0507153
0.0495033
0.0482895
0.0470739
0.0470739
0.0482895
0.0543398
0.0555441
0.0519254
0.0567462

 ----------------------------------

 S * X * W + y - M : 
-0.50041
-0.500439
0.499498
-0.500502
0.49959
-0.500439
0.49953
-0.500502
0.49959
-0.500439
0.49953
-0.500502
0.49959
-0.500439
0.49953
-0.500502
0.499778
-0.500241
0.499738
-0.500284
0.499693
-0.500262
0.499759
-0.500439
0.49959
-0.500382
0.499644
-0.50047
0.49959
-0.500382
0.499618
-0.500356
0.499669
-0.500307
0.499716
-0.500284
0.499693
-0.500439
0.49953
-0.500382
0.499498

 ----------------------------------

 W : 
0.10.10.10.1(0),Least_squared_err =,3.20535
weights[0] = 1.60143,weights[1] = -1.37015,weights[2] = -1.47416,weights[3] = -1.73865,
----------
Learning has been done!

1,0
1,0
1,1
1,0
1,1
1,0
1,1
1,0
1,1
1,0
1,1
1,0
1,1
1,0
1,1
1,0
0,1
0,0
0,1
0,0
0,1
0,0
0,1
1,0
1,1
1,0
0,1
1,0
1,1
0,0
1,1
1,0
0,1
0,0
0,1
0,0
0,1
1,0
1,1
0,0
1,1
